-3.081037859974492310e+00
8.905194301573104099e+00
8.939147656780018991e+00
4.329181950651410915e+01
4.334218736891417478e+01
1.007822065746244675e+02
1.008047070109511054e+02
1.812697979452913444e+02
1.812823747957935439e+02
2.847538222966277885e+02
2.847618194505511724e+02
4.112342603276046589e+02
4.112397779979133929e+02
5.607111203393255892e+02
5.607151463304044228e+02
7.331844080889467250e+02
7.331874671907042966e+02
9.286541268288082165e+02
9.286565233898696761e+02
1.147120278413182632e+03
1.147122200991045020e+03
1.388582863942444646e+03
1.388584435535469083e+03
1.653041884098383434e+03
1.653043188323396635e+03
1.940497339320838591e+03
1.940498434976385170e+03
2.250949229904267668e+03
2.250950159515435644e+03
2.584397556052652817e+03
2.584398351111214197e+03
2.940842317911975897e+03
2.940843002212050123e+03
3.320283515590035222e+03
3.320284107420213786e+03
3.722721149169090950e+03
3.722721662793211635e+03
4.148155218714001421e+03
4.148155665395694086e+03
4.596585724277764712e+03
4.596586113004264007e+03
5.068012665905337599e+03
5.068013003908327846e+03
5.562436043636344948e+03
5.562436336772698269e+03
6.079855857507119254e+03
6.079856110541181806e+03
6.620272107552254056e+03
6.620272324367437250e+03
7.183684793805863592e+03
7.183684977564743349e+03
7.770093916302704201e+03
7.770094069568895975e+03
8.379499475079133845e+03
8.379499599910323013e+03
9.011901470174099813e+03
9.011901568192904961e+03
9.667299901630134627e+03
9.667299974077412116e+03
1.034569476949444470e+04
1.034569481726869526e+04
1.104708607382004448e+04
1.104708609750497271e+04
1.177147381454941569e+04
1.177147381466726802e+04
1.251885796818260314e+04
1.251885799210534060e+04
1.328923855819591154e+04
1.328923860621441781e+04
1.408261558438547036e+04
1.408261565708805210e+04
1.489898904654603939e+04
1.489898914483622320e+04
1.573835894446484235e+04
1.573835906958919804e+04
1.660072527791461835e+04
1.660072543150241836e+04
1.748608804664580748e+04
1.748608823076271437e+04
1.839444725037705939e+04
1.839444746759644840e+04
1.932580288878355350e+04
1.932580314228008865e+04
2.028015496148191960e+04
2.028015525515435002e+04
2.125750346801059277e+04
2.125750380664300610e+04
2.225784840780351078e+04
2.225784879727858788e+04
2.328118978015410903e+04
2.328119022773784309e+04
2.432752758416531287e+04
2.432752809889124910e+04
2.539686181867822597e+04
2.539686241187377527e+04
2.648919248216927008e+04
2.648919316818773223e+04
2.760451957259697519e+04
2.760452036985527593e+04
2.874284308716984378e+04
2.874284401965060897e+04
2.990416302198301855e+04
2.990416412146292350e+04
3.108847937143305535e+04
3.108848068088148648e+04
3.229579212723930323e+04
3.229579370617396489e+04
3.352610127673826355e+04
3.352610320999215037e+04
3.477940679975791863e+04
3.477940921249701205e+04
3.605570866253700660e+04
3.605571174743954180e+04
3.735500680498834117e+04
3.735501087489663041e+04
3.867730111141073576e+04
3.867730671055771381e+04
4.002259133436404954e+04
4.002259950184533955e+04
4.139087686032560305e+04
4.139088986224018299e+04
4.278215578075779194e+04
4.278217970011141733e+04
4.419641921521698532e+04
4.419647789475392347e+04
4.563355680318641680e+04
4.563389483905208908e+04
4.709400248834881495e+04
