0.000000000000000000e+00
1.000000000000000000e+00
6.718822912681589266e+00
1.182948970501517927e+01
1.835986611306356764e+01
2.564689355481062449e+01
3.362849242658841575e+01
4.221170377683051811e+01
5.133397988340578877e+01
6.094623064115722144e+01
7.100909290196447898e+01
8.149013460300190559e+01
9.236209597435852459e+01
1.036016900222266770e+02
1.151887553768600583e+02
1.271056389358929550e+02
1.393367343321911846e+02
1.518681293693866792e+02
1.646873316717429248e+02
1.777830517425497305e+02
1.911450289854838047e+02
2.047638904308569465e+02
2.186310347367364102e+02
2.327385359880595104e+02
2.470790631927762888e+02
2.616458123606524282e+02
2.764324487692508114e+02
2.914330575530170222e+02
3.066421011492620892e+02
3.220543824372448967e+02
3.376650126356260557e+02
3.534693832098571420e+02
3.694631411587247953e+02
3.856421672278388542e+02
4.020025564826657387e+02
4.185406013354480024e+02
4.352527754907795838e+02
4.521357220246455881e+02
4.691862360069970350e+02
4.864012664104754435e+02
5.037778724102344654e+02
5.213132984894895117e+02
5.390047590367654493e+02
5.568499274785391435e+02
5.748457622002862308e+02
5.929911765904709000e+02
6.112810240814610552e+02
6.297192559140270305e+02
6.482906995116824191e+02
6.670200405336134963e+02
6.858512264915973446e+02
7.048877532365280558e+02
7.239247831768429933e+02
7.433364587157234382e+02
7.624331992368324791e+02
7.824214356954030336e+02
8.012062500683987309e+02
8.222651106390342193e+02
8.399270097167171798e+02
8.630659467987077278e+02
8.782640948967178929e+02
9.050663822532895892e+02
9.165427692706867902e+02
9.484898417018191594e+02
9.561726608214065664e+02
9.934913181876340786e+02
9.983722095253556290e+02
1.040149214562199404e+03
1.043281772507432834e+03
1.088486036952889208e+03
1.090571755904300744e+03
1.138493738232244596e+03
1.139938854519139795e+03
1.190151591551276397e+03
1.191186994260102438e+03
1.243435808241859377e+03
1.244195947814810779e+03
1.298323791819593680e+03
1.298889908617225501e+03
1.354795619824392134e+03
1.355218692733355738e+03
1.412834287475316160e+03
1.413147397961000479e+03
1.472425473247541731e+03
1.472650670113599972e+03
1.533557164801293766e+03
1.533709406528220597e+03
1.596219282142017846e+03
1.596308774730513733e+03
1.660403345747265803e+03
1.660436966846909854e+03
1.726084382538668024e+03
1.726102200533382074e+03
1.793243071466794845e+03
1.793309792706482540e+03
1.861906338497871957e+03
1.862020992429882881e+03
1.932068453809903303e+03
1.932231455018223414e+03
2.003724431701636831e+03
2.003937514587588794e+03
2.076869854162604497e+03
2.077136105795329058e+03
2.151500722117407804e+03
2.151824711205908898e+03
2.227613320703870613e+03
2.228001333974770660e+03
2.305204085822249908e+03
2.305664498401695255e+03
2.384269457239722669e+03
2.384813285672539223e+03
2.464805705796534767e+03
2.465447404439466027e+03
2.546808558578078646e+03
2.547567395733298781e+03
2.630274794509166441e+03
2.631172825972482315e+03
2.715167067843970017e+03
2.716296537659412479e+03
2.801756305423984486e+03
2.802626790633614746e+03
2.883442136999672130e+03
2.896845247935136740e+03
2.967871262250384916e+03
3.009132712243846072e+03
3.139712270668238034e+03
3.255677477249756976e+03
3.595351576565229152e+03
