0.000000000000000000e+00
9.860030312775580619e-01
6.624779758570428001e+00
1.166391270767999622e+01
1.810288364145439388e+01
2.528791478807168858e+01
3.315779547014354023e+01
4.162086787962864065e+01
5.061545977293182830e+01
6.009316815753685859e+01
7.001518085009324466e+01
8.034951973833153716e+01
9.106930660649817355e+01
1.021515804081007985e+02
1.135764619714605175e+02
1.253265452841306313e+02
1.373864424208072137e+02
1.497424359137051795e+02
1.623822082424767359e+02
1.752946279291448377e+02
1.884695779946304981e+02
2.018978166624146127e+02
2.155708629832673466e+02
2.294809019809227948e+02
2.436207052749856814e+02
2.579835641104710930e+02
2.725632324318455630e+02
2.873538781637687975e+02
3.023500412525383467e+02
3.175465973217004034e+02
3.329387260169285128e+02
3.485218833125314859e+02
3.642917771261526809e+02
3.802443458892163335e+02
3.963757392426673505e+02
4.126823017188907556e+02
4.291605557681889991e+02
4.458071930620395733e+02
4.626190493560681603e+02
4.795931268071611271e+02
4.967264998028132936e+02
5.140165135693142702e+02
5.314602746052041766e+02
5.490558244389391120e+02
5.667994084647561976e+02
5.846915991755729465e+02
6.027237974615272833e+02
6.209071918683500826e+02
6.392119560429772491e+02
6.576916243786806717e+02
6.762344504763048008e+02
6.950474952119375303e+02
7.137364977099904308e+02
7.330079130829826681e+02
7.515993363432465912e+02
7.716622364415374022e+02
7.895806681505395090e+02
8.111762049050327050e+02
8.273257716508931026e+02
8.517792265054305290e+02
8.647742820221882312e+02
8.937101025960504330e+02
9.028943405687073209e+02
9.371557715534670479e+02
9.431485719586605683e+02
9.822250200395266120e+02
9.861091376838359110e+02
1.028960285553431049e+03
1.031569983629002763e+03
1.077363563963425804e+03
1.079203456188602559e+03
1.127417994233264153e+03
1.128776345562273036e+03
1.179100588299333822e+03
1.180144029689694435e+03
1.232388285057284293e+03
1.233216591119851728e+03
1.287260295549077910e+03
1.287935719968319972e+03
1.343698707724349333e+03
1.344261695130642011e+03
1.401688379195190919e+03
1.402166200873568869e+03
1.461216591286936591e+03
1.461628257457313566e+03
1.522272662353354917e+03
1.522631819038445428e+03
1.584847593801021958e+03
1.585164291915524245e+03
1.648933769605913312e+03
1.649215581184768098e+03
1.714524709511753144e+03
1.714777453431624735e+03
1.781614869161866636e+03
1.781843096000877949e+03
1.850199478992857848e+03
1.850406803052261921e+03
1.920274414325080897e+03
1.920463746110451893e+03
1.991836090282956320e+03
1.992009802596387090e+03
2.064881376409172390e+03
2.065041425191916915e+03
2.139407526911114019e+03
2.139555540628471135e+03
2.215412123354707091e+03
2.215549470112616291e+03
2.292893027314532446e+03
2.293020865950100415e+03
2.371848341028992763e+03
2.371967660491543029e+03
2.452276374527727967e+03
2.452388024584367486e+03
2.534175618021598893e+03
2.534280333452445575e+03
2.617544718595695940e+03
2.617643138445473141e+03
2.702382460440306659e+03
2.702475143474776360e+03
2.788687748006278525e+03
2.788775185225518271e+03
2.876459591590046784e+03
2.876542216437752359e+03
2.965697094947246569e+03
2.965775291700527305e+03
3.056399444607995520e+03
3.056473555318481885e+03
3.148565900626052098e+03
3.148636230898737722e+03
3.242195788541363072e+03
3.242262612374208402e+03
3.337288492373555073e+03
3.337352056233045914e+03
3.433843448494842050e+03
3.433903974765997646e+03
3.531860140255806073e+03
3.531917830177056203e+03
3.631338093258011213e+03
3.631393129429384317e+03
3.732276871184257288e+03
3.732329419720339956e+03
3.834676072111004942e+03
3.834726284496653534e+03
3.938535325239187387e+03
3.938583339935279582e+03
4.043854287988912347e+03
4.043900231827014522e+03
4.150632643411725439e+03
4.150676632809699186e+03
4.258870097880636422e+03
4.258912239905752358e+03
4.368566379023793161e+03
4.368606772325434576e+03
4.479721233872320227e+03
4.479759969502801141e+03
4.592334427196960860e+03
4.592371589335966746e+03
4.706405740011467969e+03
4.706441406607232238e+03
4.821934968223651595e+03
4.821969211561887278e+03
4.938921921417289013e+03
4.938954808627388047e+03
5.057366421750553855e+03
5.057398015256968392e+03
5.177268302958063941e+03
5.177298660883830053e+03
5.298627409445472040e+03
5.298656585973669280e+03
5.421443595466732404e+03
5.421471641165031542e+03
5.545716724375527519e+03
5.545743686488110143e+03
5.671446667943034299e+03
5.671472590653756015e+03
5.798633305735447721e+03
5.798658230405482755e+03
5.927276524545250140e+03
5.927300489928073148e+03
6.057376217870890287e+03
6.057399260307101031e+03
6.188932285440188025e+03
6.188954439034357165e+03
6.321944632773253034e+03
6.321965929554740796e+03
6.456413170781184817e+03
6.456433640850510528e+03
6.592337815397234408e+03
6.592357487059592131e+03
6.729718487237350928e+03
6.729737387124509041e+03
6.868555111287521868e+03
6.868573264469286187e+03
7.008847616615473271e+03
7.008865046701700521e+03
7.150595936104504290e+03
7.150612665338658189e+03
7.293800006207597107e+03
7.293816055552533726e+03
7.438459766720024163e+03
7.438475155936811461e+03
7.584575160568771935e+03
7.584589908289174673e+03
7.732146133617497981e+03
7.732160257410683698e+03
7.881172634485625167e+03
7.881186150919616011e+03
8.031654614380466228e+03
8.031667539078738628e+03
8.183592026941202676e+03
8.183604374634979649e+03
8.336984828093878605e+03
8.336996612670342074e+03
8.491832975916471696e+03
8.491844210463323179e+03
8.648136430513275627e+03
8.648147127359894512e+03
8.805895153897741693e+03
8.805905324653236676e+03
8.965109109883320343e+03
8.965118765471748702e+03
9.125778263981543205e+03
9.125787414674417960e+03
9.287902583306831730e+03
9.287911238753249563e+03
9.451482036487521327e+03
9.451490205742002217e+03
9.616516593582664427e+03
9.616524285130893986e+03
9.783006226004219570e+03
9.783013447786834149e+03
9.950950906444077191e+03
9.950957665878650005e+03
1.012035060880573837e+04
1.012035691280708306e+04
1.029120530814029007e+04
1.029121116313915809e+04
1.046351498058626385e+04
1.046352039254658666e+04
1.063727960331321810e+04
1.063728457774796516e+04
1.081249915446875457e+04
1.081250369645445971e+04
1.098917361312865796e+04
1.098917772731875993e+04
1.116730295925012979e+04
1.116730664988711760e+04
1.134688717362763055e+04
1.134689044455411386e+04
1.152792623785146134e+04
1.152792909252018217e+04
1.171042013426865014e+04
1.171042257575151962e+04
1.189436884594614276e+04
1.189437087694230650e+04
1.207977235663608371e+04
1.207977397947911595e+04
1.226663065074307997e+04
1.226663186740726815e+04
1.245494371329330170e+04
1.245494452539910344e+04
1.264471152990529663e+04
1.264471193872398544e+04
1.283593408676245599e+04
1.283593409321998843e+04
1.302861097526706362e+04
1.302861137058697022e+04
1.322274257176170431e+04
1.322274336861524898e+04
1.341832887009290243e+04
1.341833006857459623e+04
1.361536985811943123e+04
1.361537145866124592e+04
1.381386552414828111e+04
1.381386752751952554e+04
1.401381585691422515e+04
1.401381826422207996e+04
1.421522084556043410e+04
1.421522365825130510e+04
1.441808047962003002e+04
1.441808369948155087e+04
1.462239474899865490e+04
1.462239837816242289e+04
1.482816364395783057e+04
1.482816768490289360e+04
1.503538715509916256e+04
1.503539161065622284e+04
1.524406527334929888e+04
1.524407014670571152e+04
1.545419798994564007e+04
1.545420328465115927e+04
1.566578529642270223e+04
1.566579101639600412e+04
1.587882718459912030e+04
1.587883333413518631e+04
1.609332364656525351e+04
1.609333023034356302e+04
1.630927467467135284e+04
1.630928169776495088e+04
1.652668026151629601e+04
1.652668772940177951e+04
1.674554039993674451e+04
1.674554831850519986e+04
1.696585508299682988e+04
1.696586345856574553e+04
1.718762430397827484e+04
1.718763314330449066e+04
1.741084805637089812e+04
1.741085736666461526e+04
1.763552633386351590e+04
1.763553612280352900e+04
1.786165913033522520e+04
1.786166940608524965e+04
1.808924643984702925e+04
1.808925721107338541e+04
1.831828825663369207e+04
1.831829953252428822e+04
1.854878457509601503e+04
1.854879636538079285e+04
1.878073538979331352e+04
1.878074770476618141e+04
1.901414069543614823e+04
1.901415354597857731e+04
1.924900048687930030e+04
1.924901388448555008e+04
1.948531475911494636e+04
1.948532871591921867e+04
1.972308350726606659e+04
1.972309803607159847e+04
1.996230672657997638e+04
1.996232184089017755e+04
2.020298441242206900e+04
2.020300012647398762e+04
2.044511656026963465e+04
2.044513288906982780e+04
2.068870316570585055e+04
2.068872012506875399e+04
2.093374422441386560e+04
2.093376183100307753e+04
2.118023973217096500e+04
2.118025800354345847e+04
2.142818968484273864e+04
2.142820863949637351e+04
2.167759407837743129e+04
2.167761373580191139e+04
2.192845290880017274e+04
2.192847328953177930e+04
2.218076617220728076e+04
2.218078729788776400e+04
2.243453386476054220e+04
2.243455575820038212e+04
2.268975598268143949e+04
2.268977866792790155e+04
2.294643252224530443e+04
2.294645602465576667e+04
2.320456347977537371e+04
2.320458782609629998e+04
2.346414885163671715e+04
2.346417407008877126e+04
2.372518863423001312e+04
2.372521475459993962e+04
2.398768282398515294e+04
2.398770987772493754e+04
2.425163141735456884e+04
2.425165943768863508e+04
2.451703441080630000e+04
2.451706343284749892e+04
2.478389180081681843e+04
2.478392186169188426e+04
2.505220358386332737e+04
2.505223472284897070e+04
2.532196975641583413e+04
2.532200201508624741e+04
2.559319031492858994e+04
2.559322373731570042e+04
2.586586525583101320e+04
2.586589988859862933e+04
2.613999457551800879e+04
2.614003046815134803e+04
2.641557827033954527e+04
2.641561547535170394e+04
2.669261633658942446e+04
2.669265490974657587e+04
2.697110877049306873e+04
2.697114877106038330e+04
2.725105556819434059e+04
2.725109705920495981e+04
2.753245672574104901e+04
2.753249977429039063e+04
2.781531223906917512e+04
2.781535691663788384e+04
2.809962210398552270e+04
2.809966848679365285e+04
2.838538631614851329e+04
2.838543448554532733e+04
2.867260487104706408e+04
2.867265491393995762e+04
2.896127776397710113e+04
2.896132977330477661e+04
2.925140499001544958e+04
2.925145906527048282e+04
2.954298654399062798e+04
2.954304279179777222e+04
2.983602242045027378e+04
2.983608095520727511e+04
3.013051261362451623e+04
3.013057355821366946e+04
3.042645711738475438e+04
3.042652060396438901e+04
3.072385592519717466e+04
3.072392209608374469e+04
3.102270903006997105e+04
3.102277803872313234e+04
3.132301642449370047e+04
3.132308843661844003e+04
3.162477810037307063e+04
3.162485329515591729e+04
3.192799404894928375e+04
3.192807262044738309e+04
3.223266426071091701e+04
3.223274641941716254e+04
3.253878872529163345e+04
3.253887469990173850e+04
3.284636743135225697e+04
3.284645747076549014e+04
3.315540036644440261e+04
3.315549474203433056e+04
3.346588751685228635e+04
3.346598652505139034e+04
3.377782886740857793e+04
3.377793283265832724e+04
3.409122440127922891e+04
3.409133367940748576e+04
3.440607409971118614e+04
3.440618908181086590e+04
3.472237794173535076e+04
3.472249905863353342e+04
3.504013590381557879e+04
3.504026363124035561e+04
3.535934795943197969e+04
3.535948282400817698e+04
3.568001407858417224e+04
3.568015666481675726e+04
3.600213422719632217e+04
3.600228518563708349e+04
3.632570836640106427e+04
3.632586842323954625e+04
3.665073645167321956e+04
3.665090642005032714e+04
3.697721843177609117e+04
3.697739922519273387e+04
3.730515424747253564e+04
3.730534689576076198e+04
3.763454382993848412e+04
3.763474949838587054e+04
3.796538709879788075e+04
3.796560711117638857e+04
3.829768395967178367e+04
3.829791982613511209e+04
3.863143430109915789e+04
3.863168775219446252e+04
3.896663799063797342e+04
3.896691101905606047e+04
3.930329486988690769e+04
3.930358978208895132e+04
3.964140474807148712e+04
3.964172422863356769e+04
3.998096739370041905e+04
3.998131458619241312e+04
4.032198252359704202e+04
4.032236113318320713e+04
4.066444978831624030e+04
4.066486421321419766e+04
4.100836875251407037e+04
4.100882425426722330e+04
4.135373886816547747e+04
4.135424179481961619e+04
4.170055943747920537e+04
4.170111751993651706e+04
4.204882956070199725e+04
4.204945231194287771e+04
4.239854806131457008e+04
4.239924732283793855e+04
4.274971337664213206e+04
4.275050407984472258e+04
4.310232339422310906e+04
4.310322464270061755e+04
4.345637520068179583e+04
4.345741184399180202e+04
4.381186468486180820e+04
4.381306966700738121e+04
4.416878588906647201e+04
4.417020385967301991e+04
4.452712990574687137e+04
4.452882297115244000e+04
4.488688291093292355e+04
4.488894018386241078e+04
4.524802245385881542e+04
4.525057673574715591e+04
4.561050994377378811e+04
4.561376877322963264e+04
4.597427397701593145e+04
4.597858241460900899e+04
4.633916793719560519e+04
4.634515254471125809e+04
4.670479243541733740e+04
4.671386747252463829e+04
4.707039314107519021e+04
4.708573096777229512e+04
4.740948707008077326e+04
4.747815489297551539e+04
4.798867147378197114e+04
