0.000000000000000000e+00
1.198623216154759596e+01
1.202018551675451086e+01
4.637285736648860279e+01
4.642322522888866843e+01
1.038632444345989541e+02
1.038857448709255920e+02
1.843508358052658309e+02
1.843634126557680304e+02
2.878348601566023035e+02
2.878428573105256874e+02
4.143152981875791738e+02
4.143208158578879079e+02
5.637921581993000473e+02
5.637961841903788809e+02
7.362654459489211831e+02
7.362685050506787547e+02
9.317351646887826746e+02
9.317375612498441342e+02
1.150201316273157090e+03
1.150203238851019478e+03
1.391663901802419105e+03
1.391665473395443541e+03
1.656122921958357892e+03
1.656124226183371093e+03
1.943578377180813050e+03
1.943579472836359628e+03
2.254030267764242126e+03
2.254031197375410102e+03
2.587478593912627275e+03
2.587479388971188655e+03
2.943923355771950355e+03
2.943924040072024582e+03
3.323364553450009680e+03
3.323365145280188244e+03
3.725802187029065408e+03
3.725802700653186093e+03
4.151236256573975879e+03
4.151236703255668544e+03
4.599666762137739170e+03
4.599667150864238465e+03
5.071093703765312057e+03
5.071094041768302304e+03
5.565517081496319406e+03
5.565517374632672727e+03
6.082936895367093712e+03
6.082937148401156264e+03
6.623353145412228514e+03
6.623353362227411708e+03
7.186765831665838050e+03
7.186766015424717807e+03
7.773174954162678659e+03
7.773175107428870433e+03
8.382580512939108303e+03
8.382580637770297471e+03
9.014982508034074272e+03
9.014982606052879419e+03
9.670380939490109085e+03
9.670381011937386575e+03
1.034877580735441916e+04
1.034877585512866972e+04
1.105016711168001893e+04
1.105016713536494717e+04
1.177455485240939015e+04
1.177455485252724247e+04
1.252193900604257760e+04
1.252193902996531506e+04
1.329231959605588600e+04
1.329231964407439227e+04
1.408569662224544481e+04
1.408569669494802656e+04
1.490207008440601385e+04
1.490207018269619766e+04
1.574143998232481681e+04
1.574144010744917250e+04
1.660380631577459280e+04
1.660380646936239282e+04
1.748916908450578194e+04
1.748916926862268883e+04
1.839752828823703385e+04
1.839752850545642286e+04
1.932888392664352796e+04
1.932888418014006311e+04
2.028323599934189406e+04
2.028323629301432447e+04
2.126058450587056723e+04
2.126058484450298056e+04
2.226092944566348524e+04
2.226092983513856234e+04
2.328427081801408349e+04
2.328427126559781755e+04
2.433060862202528733e+04
2.433060913675122356e+04
2.539994285653820043e+04
2.539994344973374973e+04
2.649227352002924454e+04
2.649227420604770668e+04
2.760760061045694965e+04
2.760760140771525039e+04
2.874592412502981824e+04
2.874592505751058343e+04
2.990724405984299301e+04
2.990724515932289796e+04
3.109156040929302981e+04
3.109156171874146094e+04
3.229887316509927768e+04
3.229887474403393935e+04
3.352918231459824165e+04
3.352918424785212846e+04
3.478248783761789673e+04
3.478249025035699015e+04
3.605878970039698470e+04
3.605879278529951989e+04
3.735808784284831927e+04
3.735809191275660851e+04
3.868038214927071385e+04
3.868038774841769191e+04
4.002567237222402764e+04
4.002568053970531764e+04
4.139395789818558114e+04
4.139397090010016109e+04
4.278523681861777004e+04
4.278526073797139543e+04
4.419950025307696342e+04
4.419955893261390156e+04
4.563663784104639490e+04
4.563697587691206718e+04
4.709708352620879305e+04
