0.000000000000000000e+00
1.198864984993695426e+00
2.397729969987390852e+00
3.596594954981086278e+00
4.795459939974781705e+00
5.994324924968477575e+00
7.193189909962172557e+00
8.392054894955867539e+00
9.590919879949563409e+00
1.078978486494325928e+01
1.198864984993695515e+01
1.318751483493064924e+01
1.438637981992434511e+01
1.558524480491804098e+01
1.678410978991173508e+01
1.798297477490543272e+01
1.918183975989912682e+01
2.038070474489282091e+01
2.157956972988651856e+01
2.277843471488021265e+01
2.397729969987391030e+01
2.517616468486760439e+01
2.637502966986129849e+01
2.757389465485499613e+01
2.877275963984869023e+01
2.997162462484238432e+01
3.117048960983608197e+01
3.236935459482977961e+01
3.356821957982347016e+01
3.476708456481716780e+01
3.596594954981086545e+01
3.716481453480455599e+01
3.836367951979825364e+01
3.956254450479195128e+01
4.076140948978564182e+01
4.196027447477933947e+01
4.315913945977303712e+01
4.435800444476672766e+01
4.555686942976042531e+01
4.675573441475412295e+01
4.795459939974782060e+01
4.915346438474151114e+01
5.035232936973520879e+01
5.155119435472890643e+01
5.275005933972259697e+01
5.394892432471629462e+01
5.514778930970999227e+01
5.634665429470368281e+01
5.754551927969738045e+01
5.874438426469107810e+01
5.994324924968476864e+01
6.114211423467846629e+01
6.234097921967216394e+01
6.353984420466585448e+01
6.473870918965955923e+01
6.593757417465324977e+01
6.713643915964694031e+01
6.833530414464064506e+01
6.953416912963433560e+01
7.073303411462802615e+01
7.193189909962173090e+01
7.313076408461542144e+01
7.432962906960911198e+01
7.552849405460281673e+01
-7.672735903959650727e+01
-7.552849405460281673e+01
-7.432962906960911198e+01
-7.313076408461542144e+01
-7.193189909962173090e+01
-7.073303411462802615e+01
-6.953416912963433560e+01
-6.833530414464064506e+01
-6.713643915964694031e+01
-6.593757417465324977e+01
-6.473870918965955923e+01
-6.353984420466585448e+01
-6.234097921967216394e+01
-6.114211423467846629e+01
-5.994324924968476864e+01
-5.874438426469107810e+01
-5.754551927969738045e+01
-5.634665429470368281e+01
-5.514778930970999227e+01
-5.394892432471629462e+01
-5.275005933972259697e+01
-5.155119435472890643e+01
-5.035232936973520879e+01
-4.915346438474151114e+01
-4.795459939974782060e+01
-4.675573441475412295e+01
-4.555686942976042531e+01
-4.435800444476672766e+01
-4.315913945977303712e+01
-4.196027447477933947e+01
-4.076140948978564182e+01
-3.956254450479195128e+01
-3.836367951979825364e+01
-3.716481453480455599e+01
-3.596594954981086545e+01
-3.476708456481716780e+01
-3.356821957982347016e+01
-3.236935459482977961e+01
-3.117048960983608197e+01
-2.997162462484238432e+01
-2.877275963984869023e+01
-2.757389465485499613e+01
-2.637502966986129849e+01
-2.517616468486760439e+01
-2.397729969987391030e+01
-2.277843471488021265e+01
-2.157956972988651856e+01
-2.038070474489282091e+01
-1.918183975989912682e+01
-1.798297477490543272e+01
-1.678410978991173508e+01
-1.558524480491804098e+01
-1.438637981992434511e+01
-1.318751483493064924e+01
-1.198864984993695515e+01
-1.078978486494325928e+01
-9.590919879949563409e+00
-8.392054894955867539e+00
-7.193189909962172557e+00
-5.994324924968477575e+00
-4.795459939974781705e+00
-3.596594954981086278e+00
-2.397729969987390852e+00
-1.198864984993695426e+00
