-6.500000000000000222e-01 -6.322976562500000952e+00
-6.397637795275590289e-01 -6.253733042800222464e+00
-6.295275590551181466e-01 -6.177505417120438658e+00
-6.192913385826771533e-01 -6.094681679515074890e+00
-6.090551181102362710e-01 -6.005643566069949202e+00
-5.988188976377952777e-01 -5.910766554902245673e+00
-5.885826771653543954e-01 -5.810419866160540181e+00
-5.783464566929134021e-01 -5.704966462024779972e+00
-5.681102362204724088e-01 -5.594763046706299647e+00
-5.578740157480315265e-01 -5.480160066447808731e+00
-5.476377952755905332e-01 -5.361501709523402326e+00
-5.374015748031496509e-01 -5.239125906238547792e+00
-5.271653543307086576e-01 -5.113364328930099845e+00
-5.169291338582677753e-01 -4.984542391966289898e+00
-5.066929133858267820e-01 -4.852979251746728728e+00
-4.964566929133858442e-01 -4.718987806702412691e+00
-4.862204724409449064e-01 -4.582874697295712174e+00
-4.759842519685039686e-01 -4.444940306020378706e+00
-4.657480314960630308e-01 -4.305478757401546730e+00
-4.555118110236220375e-01 -4.164777917995729162e+00
-4.452755905511811552e-01 -4.023119396390820945e+00
-4.350393700787401619e-01 -3.880778543206091058e+00
-4.248031496062992241e-01 -3.738024451092196720e+00
-4.145669291338582862e-01 -3.595119954731170520e+00
-4.043307086614173484e-01 -3.452321630836426181e+00
-3.940944881889764106e-01 -3.309879798152757679e+00
-3.838582677165354728e-01 -3.168038517456339687e+00
-3.736220472440945350e-01 -3.027035591554725347e+00
-3.633858267716535417e-01 -2.887102565286849831e+00
-3.531496062992126039e-01 -2.748464725523028118e+00
-3.429133858267716661e-01 -2.611341101164954104e+00
-3.326771653543307283e-01 -2.475944463145702823e+00
-3.224409448818897905e-01 -2.342481324429730449e+00
-3.122047244094488527e-01 -2.211151940012870298e+00
-3.019685039370079149e-01 -2.082150306922339045e+00
-2.917322834645669771e-01 -1.955664164216731837e+00
-2.814960629921260393e-01 -1.831874992986024075e+00
-2.712598425196850460e-01 -1.710958016351571187e+00
-2.610236220472441082e-01 -1.593082199466110183e+00
-2.507874015748031704e-01 -1.478410249513756547e+00
-2.405511811023622326e-01 -1.367098615710006682e+00
-2.303149606299212948e-01 -1.259297489301736794e+00
-2.200787401574803570e-01 -1.155150803567203344e+00
-2.098425196850394192e-01 -1.054796233816043483e+00
-1.996062992125984259e-01 -9.583651973892730602e-01
-1.893700787401574881e-01 -8.659828536592902859e-01
-1.791338582677165503e-01 -7.777681040298716209e-01
-1.688976377952756125e-01 -6.938335919361744430e-01
-1.586614173228346747e-01 -6.142857028447363810e-01
-1.484251968503936814e-01 -5.392245642534743144e-01
-1.381889763779527991e-01 -4.687440456916874831e-01
-1.279527559055118058e-01 -4.029317587200519912e-01
-1.177165354330709235e-01 -3.418690569306275240e-01
-1.074803149606299302e-01 -2.856310359468507420e-01
-9.724409448818904789e-02 -2.342865334235413044e-01
-8.700787401574805457e-02 -1.878981290468965948e-01
-7.677165354330706126e-02 -1.465221445344958573e-01
-6.653543307086617897e-02 -1.102086436352982535e-01
-5.629921259842518566e-02 -7.900143212964187700e-02
-4.606299212598430337e-02 -5.293805782924658476e-02
-3.582677165354331006e-02 -3.204981057721102006e-02
-2.559055118110242777e-02 -1.636172224801503428e-02
-1.535433070866143446e-02 -5.892566747517839418e-03
-5.118110236220552167e-03 -6.548600129593590106e-04
5.118110236220441145e-03 -6.548600129593307130e-04
1.535433070866143446e-02 -5.892566747517839418e-03
2.559055118110231675e-02 -1.636172224801489550e-02
3.582677165354331006e-02 -3.204981057721102006e-02
4.606299212598419235e-02 -5.293805782924633496e-02
5.629921259842518566e-02 -7.900143212964187700e-02
6.653543307086606795e-02 -1.102086436352978788e-01
7.677165354330706126e-02 -1.465221445344958573e-01
8.700787401574794355e-02 -1.878981290468961507e-01
9.724409448818893686e-02 -2.342865334235407493e-01
1.074803149606299302e-01 -2.856310359468507420e-01
1.177165354330708125e-01 -3.418690569306268578e-01
1.279527559055118058e-01 -4.029317587200519912e-01
1.381889763779526881e-01 -4.687440456916867060e-01
1.484251968503936814e-01 -5.392245642534743144e-01
1.586614173228345637e-01 -6.142857028447354928e-01
1.688976377952755570e-01 -6.938335919361741100e-01
1.791338582677165503e-01 -7.777681040298716209e-01
1.893700787401574326e-01 -8.659828536592897308e-01
1.996062992125984259e-01 -9.583651973892730602e-01
2.098425196850393082e-01 -1.054796233816042372e+00
2.200787401574803015e-01 -1.155150803567202900e+00
2.303149606299211838e-01 -1.259297489301735684e+00
2.405511811023621771e-01 -1.367098615710006237e+00
2.507874015748031704e-01 -1.478410249513756547e+00
2.610236220472440527e-01 -1.593082199466109738e+00
2.712598425196850460e-01 -1.710958016351571187e+00
2.814960629921259283e-01 -1.831874992986022743e+00
2.917322834645669216e-01 -1.955664164216731171e+00
3.019685039370078039e-01 -2.082150306922337268e+00
3.122047244094487972e-01 -2.211151940012869854e+00
3.224409448818896795e-01 -2.342481324429728229e+00
3.326771653543306728e-01 -2.475944463145702379e+00
3.429133858267716661e-01 -2.611341101164954104e+00
3.531496062992126594e-01 -2.748464725523028118e+00
3.633858267716535417e-01 -2.887102565286849831e+00
3.736220472440944240e-01 -3.027035591554724014e+00
3.838582677165353063e-01 -3.168038517456337022e+00
3.940944881889764106e-01 -3.309879798152757679e+00
4.043307086614172929e-01 -3.452321630836425292e+00
4.145669291338581752e-01 -3.595119954731169187e+00
4.248031496062992796e-01 -3.738024451092197609e+00
4.350393700787401619e-01 -3.880778543206091058e+00
4.452755905511810441e-01 -4.023119396390819169e+00
4.555118110236219264e-01 -4.164777917995728274e+00
4.657480314960630308e-01 -4.305478757401546730e+00
4.759842519685039131e-01 -4.444940306020377818e+00
4.862204724409447953e-01 -4.582874697295711286e+00
4.964566929133858997e-01 -4.718987806702413579e+00
5.066929133858267820e-01 -4.852979251746728728e+00
5.169291338582676643e-01 -4.984542391966289010e+00
5.271653543307085465e-01 -5.113364328930098068e+00
5.374015748031496509e-01 -5.239125906238547792e+00
5.476377952755905332e-01 -5.361501709523402326e+00
5.578740157480314155e-01 -5.480160066447808731e+00
5.681102362204722978e-01 -5.594763046706299647e+00
5.783464566929134021e-01 -5.704966462024779972e+00
5.885826771653542844e-01 -5.810419866160538405e+00
5.988188976377951667e-01 -5.910766554902244785e+00
6.090551181102362710e-01 -6.005643566069949202e+00
6.192913385826771533e-01 -6.094681679515074890e+00
6.295275590551180356e-01 -6.177505417120437770e+00
6.397637795275589179e-01 -6.253733042800222464e+00
6.500000000000000222e-01 -6.322976562500000952e+00
